Максимальный шаг, при которых РК2 и РK4 совпадают h = 1.869159e-03          
Число узлов n = 535 при данном h
-------------------------------------------------------------
|    x    |        u(z) РК2        |        u(z) РК4        |
-------------------------------------------------------------
| 0.00000 |      3.920530e-07      |      3.920530e-07      |
| 0.00187 |      3.920523e-07      |      3.920523e-07      |
| 0.00374 |      3.920501e-07      |      3.920501e-07      |
| 0.00561 |      3.920464e-07      |      3.920464e-07      |
| 0.00748 |      3.920413e-07      |      3.920413e-07      |
| 0.00935 |      3.920347e-07      |      3.920347e-07      |
| 0.01121 |      3.920267e-07      |      3.920267e-07      |
| 0.01308 |      3.920171e-07      |      3.920171e-07      |
| 0.01495 |      3.920062e-07      |      3.920062e-07      |
| 0.01682 |      3.919937e-07      |      3.919937e-07      |
| 0.01869 |      3.919798e-07      |      3.919798e-07      |
| 0.02056 |      3.919645e-07      |      3.919645e-07      |
| 0.02243 |      3.919476e-07      |      3.919476e-07      |
| 0.02430 |      3.919293e-07      |      3.919293e-07      |
| 0.02617 |      3.919096e-07      |      3.919096e-07      |
| 0.02804 |      3.918884e-07      |      3.918884e-07      |
| 0.02991 |      3.918657e-07      |      3.918657e-07      |
| 0.03178 |      3.918415e-07      |      3.918415e-07      |
| 0.03364 |      3.918159e-07      |      3.918159e-07      |
| 0.03551 |      3.917889e-07      |      3.917889e-07      |
| 0.03738 |      3.917603e-07      |      3.917603e-07      |
| 0.03925 |      3.917303e-07      |      3.917303e-07      |
| 0.04112 |      3.916989e-07      |      3.916989e-07      |
| 0.04299 |      3.916659e-07      |      3.916659e-07      |
| 0.04486 |      3.916315e-07      |      3.916315e-07      |
| 0.04673 |      3.915957e-07      |      3.915957e-07      |
| 0.04860 |      3.915584e-07      |      3.915584e-07      |
| 0.05047 |      3.915196e-07      |      3.915196e-07      |
| 0.05234 |      3.914793e-07      |      3.914793e-07      |
| 0.05421 |      3.914376e-07      |      3.914376e-07      |
| 0.05607 |      3.913945e-07      |      3.913945e-07      |
| 0.05794 |      3.913498e-07      |      3.913498e-07      |
| 0.05981 |      3.913037e-07      |      3.913037e-07      |
| 0.06168 |      3.912562e-07      |      3.912562e-07      |
| 0.06355 |      3.912071e-07      |      3.912071e-07      |
| 0.06542 |      3.911566e-07      |      3.911566e-07      |
| 0.06729 |      3.911047e-07      |      3.911047e-07      |
| 0.06916 |      3.910513e-07      |      3.910513e-07      |
| 0.07103 |      3.909964e-07      |      3.909964e-07      |
| 0.07290 |      3.909401e-07      |      3.909401e-07      |
| 0.07477 |      3.908822e-07      |      3.908822e-07      |
| 0.07664 |      3.908230e-07      |      3.908230e-07      |
| 0.07850 |      3.907622e-07      |      3.907622e-07      |
| 0.08037 |      3.907000e-07      |      3.907000e-07      |
| 0.08224 |      3.906364e-07      |      3.906364e-07      |
| 0.08411 |      3.905713e-07      |      3.905713e-07      |
| 0.08598 |      3.905047e-07      |      3.905047e-07      |
| 0.08785 |      3.904366e-07      |      3.904366e-07      |
| 0.08972 |      3.903671e-07      |      3.903671e-07      |
| 0.09159 |      3.902961e-07      |      3.902961e-07      |
| 0.09346 |      3.902237e-07      |      3.902237e-07      |
| 0.09533 |      3.901498e-07      |      3.901498e-07      |
| 0.09720 |      3.900744e-07      |      3.900744e-07      |
| 0.09907 |      3.899976e-07      |      3.899976e-07      |
| 0.10093 |      3.899193e-07      |      3.899193e-07      |
| 0.10280 |      3.898396e-07      |      3.898396e-07      |
| 0.10467 |      3.897583e-07      |      3.897583e-07      |
| 0.10654 |      3.896757e-07      |      3.896757e-07      |
| 0.10841 |      3.895915e-07      |      3.895915e-07      |
| 0.11028 |      3.895059e-07      |      3.895059e-07      |
| 0.11215 |      3.894189e-07      |      3.894189e-07      |
| 0.11402 |      3.893304e-07      |      3.893304e-07      |
| 0.11589 |      3.892404e-07      |      3.892404e-07      |
| 0.11776 |      3.891490e-07      |      3.891490e-07      |
| 0.11963 |      3.890561e-07      |      3.890561e-07      |
| 0.12150 |      3.889617e-07      |      3.889617e-07      |
| 0.12336 |      3.888659e-07      |      3.888659e-07      |
| 0.12523 |      3.887686e-07      |      3.887686e-07      |
| 0.12710 |      3.886699e-07      |      3.886699e-07      |
| 0.12897 |      3.885697e-07      |      3.885697e-07      |
| 0.13084 |      3.884681e-07      |      3.884681e-07      |
| 0.13271 |      3.883649e-07      |      3.883649e-07      |
| 0.13458 |      3.882604e-07      |      3.882604e-07      |
| 0.13645 |      3.881544e-07      |      3.881544e-07      |
| 0.13832 |      3.880469e-07      |      3.880469e-07      |
| 0.14019 |      3.879380e-07      |      3.879380e-07      |
| 0.14206 |      3.878276e-07      |      3.878276e-07      |
| 0.14393 |      3.877158e-07      |      3.877158e-07      |
| 0.14579 |      3.876025e-07      |      3.876025e-07      |
| 0.14766 |      3.874877e-07      |      3.874877e-07      |
| 0.14953 |      3.873716e-07      |      3.873716e-07      |
| 0.15140 |      3.872539e-07      |      3.872539e-07      |
| 0.15327 |      3.871348e-07      |      3.871348e-07      |
| 0.15514 |      3.870143e-07      |      3.870143e-07      |
| 0.15701 |      3.868923e-07      |      3.868923e-07      |
| 0.15888 |      3.867689e-07      |      3.867689e-07      |
| 0.16075 |      3.866440e-07      |      3.866440e-07      |
| 0.16262 |      3.865176e-07      |      3.865176e-07      |
| 0.16449 |      3.863899e-07      |      3.863899e-07      |
| 0.16636 |      3.862607e-07      |      3.862607e-07      |
| 0.16822 |      3.861300e-07      |      3.861300e-07      |
| 0.17009 |      3.859979e-07      |      3.859979e-07      |
| 0.17196 |      3.858644e-07      |      3.858644e-07      |
| 0.17383 |      3.857294e-07      |      3.857294e-07      |
| 0.17570 |      3.855930e-07      |      3.855930e-07      |
| 0.17757 |      3.854551e-07      |      3.854551e-07      |
| 0.17944 |      3.853158e-07      |      3.853158e-07      |
| 0.18131 |      3.851751e-07      |      3.851751e-07      |
| 0.18318 |      3.850329e-07      |      3.850329e-07      |
| 0.18505 |      3.848893e-07      |      3.848893e-07      |
| 0.18692 |      3.847443e-07      |      3.847443e-07      |
| 0.18879 |      3.845979e-07      |      3.845979e-07      |
| 0.19065 |      3.844500e-07      |      3.844500e-07      |
| 0.19252 |      3.843007e-07      |      3.843007e-07      |
| 0.19439 |      3.841500e-07      |      3.841500e-07      |
| 0.19626 |      3.839978e-07      |      3.839978e-07      |
| 0.19813 |      3.838442e-07      |      3.838442e-07      |
| 0.20000 |      3.836893e-07      |      3.836893e-07      |
| 0.20187 |      3.835328e-07      |      3.835329e-07      |
| 0.20374 |      3.833750e-07      |      3.833750e-07      |
| 0.20561 |      3.832158e-07      |      3.832158e-07      |
| 0.20748 |      3.830552e-07      |      3.830552e-07      |
| 0.20935 |      3.828931e-07      |      3.828931e-07      |
| 0.21121 |      3.827296e-07      |      3.827297e-07      |
| 0.21308 |      3.825648e-07      |      3.825648e-07      |
| 0.21495 |      3.823985e-07      |      3.823985e-07      |
| 0.21682 |      3.822309e-07      |      3.822309e-07      |
| 0.21869 |      3.820618e-07      |      3.820618e-07      |
| 0.22056 |      3.818913e-07      |      3.818913e-07      |
| 0.22243 |      3.817195e-07      |      3.817195e-07      |
| 0.22430 |      3.815462e-07      |      3.815463e-07      |
| 0.22617 |      3.813716e-07      |      3.813716e-07      |
| 0.22804 |      3.811956e-07      |      3.811956e-07      |
| 0.22991 |      3.810182e-07      |      3.810182e-07      |
| 0.23178 |      3.808394e-07      |      3.808395e-07      |
| 0.23364 |      3.806593e-07      |      3.806593e-07      |
| 0.23551 |      3.804778e-07      |      3.804778e-07      |
| 0.23738 |      3.802949e-07      |      3.802949e-07      |
| 0.23925 |      3.801106e-07      |      3.801106e-07      |
| 0.24112 |      3.799250e-07      |      3.799250e-07      |
| 0.24299 |      3.797380e-07      |      3.797380e-07      |
| 0.24486 |      3.795497e-07      |      3.795497e-07      |
| 0.24673 |      3.793600e-07      |      3.793600e-07      |
| 0.24860 |      3.791690e-07      |      3.791690e-07      |
| 0.25047 |      3.789766e-07      |      3.789766e-07      |
| 0.25234 |      3.787829e-07      |      3.787829e-07      |
| 0.25421 |      3.785878e-07      |      3.785878e-07      |
| 0.25607 |      3.783914e-07      |      3.783914e-07      |
| 0.25794 |      3.781937e-07      |      3.781937e-07      |
| 0.25981 |      3.779946e-07      |      3.779946e-07      |
| 0.26168 |      3.777942e-07      |      3.777942e-07      |
| 0.26355 |      3.775925e-07      |      3.775925e-07      |
| 0.26542 |      3.773895e-07      |      3.773895e-07      |
| 0.26729 |      3.771852e-07      |      3.771852e-07      |
| 0.26916 |      3.769796e-07      |      3.769796e-07      |
| 0.27103 |      3.767726e-07      |      3.767727e-07      |
| 0.27290 |      3.765644e-07      |      3.765644e-07      |
| 0.27477 |      3.763549e-07      |      3.763549e-07      |
| 0.27664 |      3.761441e-07      |      3.761441e-07      |
| 0.27850 |      3.759320e-07      |      3.759320e-07      |
| 0.28037 |      3.757187e-07      |      3.757187e-07      |
| 0.28224 |      3.755040e-07      |      3.755040e-07      |
| 0.28411 |      3.752881e-07      |      3.752882e-07      |
| 0.28598 |      3.750710e-07      |      3.750710e-07      |
| 0.28785 |      3.748526e-07      |      3.748526e-07      |
| 0.28972 |      3.746329e-07      |      3.746329e-07      |
| 0.29159 |      3.744120e-07      |      3.744120e-07      |
| 0.29346 |      3.741899e-07      |      3.741899e-07      |
| 0.29533 |      3.739665e-07      |      3.739665e-07      |
| 0.29720 |      3.737419e-07      |      3.737419e-07      |
| 0.29907 |      3.735161e-07      |      3.735161e-07      |
| 0.30093 |      3.732890e-07      |      3.732891e-07      |
| 0.30280 |      3.730608e-07      |      3.730608e-07      |
| 0.30467 |      3.728314e-07      |      3.728314e-07      |
| 0.30654 |      3.726007e-07      |      3.726008e-07      |
| 0.30841 |      3.723689e-07      |      3.723689e-07      |
| 0.31028 |      3.721359e-07      |      3.721359e-07      |
| 0.31215 |      3.719017e-07      |      3.719018e-07      |
| 0.31402 |      3.716664e-07      |      3.716664e-07      |
| 0.31589 |      3.714299e-07      |      3.714299e-07      |
| 0.31776 |      3.711922e-07      |      3.711923e-07      |
| 0.31963 |      3.709534e-07      |      3.709535e-07      |
| 0.32150 |      3.707135e-07      |      3.707135e-07      |
| 0.32336 |      3.704724e-07      |      3.704725e-07      |
| 0.32523 |      3.702302e-07      |      3.702303e-07      |
| 0.32710 |      3.699869e-07      |      3.699870e-07      |
| 0.32897 |      3.697425e-07      |      3.697426e-07      |
| 0.33084 |      3.694970e-07      |      3.694971e-07      |
| 0.33271 |      3.692504e-07      |      3.692505e-07      |
| 0.33458 |      3.690027e-07      |      3.690028e-07      |
| 0.33645 |      3.687540e-07      |      3.687540e-07      |
| 0.33832 |      3.685042e-07      |      3.685042e-07      |
| 0.34019 |      3.682533e-07      |      3.682533e-07      |
| 0.34206 |      3.680014e-07      |      3.680014e-07      |
| 0.34393 |      3.677484e-07      |      3.677484e-07      |
| 0.34579 |      3.674944e-07      |      3.674944e-07      |
| 0.34766 |      3.672394e-07      |      3.672394e-07      |
| 0.34953 |      3.669834e-07      |      3.669834e-07      |
| 0.35140 |      3.667263e-07      |      3.667264e-07      |
| 0.35327 |      3.664683e-07      |      3.664684e-07      |
| 0.35514 |      3.662093e-07      |      3.662094e-07      |
| 0.35701 |      3.659494e-07      |      3.659494e-07      |
| 0.35888 |      3.656884e-07      |      3.656885e-07      |
| 0.36075 |      3.654265e-07      |      3.654266e-07      |
| 0.36262 |      3.651637e-07      |      3.651638e-07      |
| 0.36449 |      3.649000e-07      |      3.649000e-07      |
| 0.36636 |      3.646353e-07      |      3.646353e-07      |
| 0.36822 |      3.643697e-07      |      3.643698e-07      |
| 0.37009 |      3.641032e-07      |      3.641033e-07      |
| 0.37196 |      3.638358e-07      |      3.638359e-07      |
| 0.37383 |      3.635676e-07      |      3.635676e-07      |
| 0.37570 |      3.632985e-07      |      3.632985e-07      |
| 0.37757 |      3.630285e-07      |      3.630286e-07      |
| 0.37944 |      3.627577e-07      |      3.627577e-07      |
| 0.38131 |      3.624860e-07      |      3.624861e-07      |
| 0.38318 |      3.622136e-07      |      3.622136e-07      |
| 0.38505 |      3.619403e-07      |      3.619404e-07      |
| 0.38692 |      3.616662e-07      |      3.616663e-07      |
| 0.38879 |      3.613914e-07      |      3.613914e-07      |
| 0.39065 |      3.611157e-07      |      3.611158e-07      |
| 0.39252 |      3.608393e-07      |      3.608394e-07      |
| 0.39439 |      3.605622e-07      |      3.605623e-07      |
| 0.39626 |      3.602843e-07      |      3.602844e-07      |
| 0.39813 |      3.600058e-07      |      3.600058e-07      |
| 0.40000 |      3.597265e-07      |      3.597265e-07      |
| 0.40187 |      3.594465e-07      |      3.594465e-07      |
| 0.40374 |      3.591658e-07      |      3.591659e-07      |
| 0.40561 |      3.588844e-07      |      3.588845e-07      |
| 0.40748 |      3.586024e-07      |      3.586025e-07      |
| 0.40935 |      3.583198e-07      |      3.583199e-07      |
| 0.41121 |      3.580365e-07      |      3.580366e-07      |
| 0.41308 |      3.577527e-07      |      3.577527e-07      |
| 0.41495 |      3.574682e-07      |      3.574683e-07      |
| 0.41682 |      3.571831e-07      |      3.571832e-07      |
| 0.41869 |      3.568975e-07      |      3.568976e-07      |
| 0.42056 |      3.566113e-07      |      3.566114e-07      |
| 0.42243 |      3.563245e-07      |      3.563246e-07      |
| 0.42430 |      3.560373e-07      |      3.560374e-07      |
| 0.42617 |      3.557495e-07      |      3.557496e-07      |
| 0.42804 |      3.554612e-07      |      3.554613e-07      |
| 0.42991 |      3.551724e-07      |      3.551725e-07      |
| 0.43178 |      3.548832e-07      |      3.548833e-07      |
| 0.43364 |      3.545935e-07      |      3.545936e-07      |
| 0.43551 |      3.543034e-07      |      3.543035e-07      |
| 0.43738 |      3.540128e-07      |      3.540129e-07      |
| 0.43925 |      3.537219e-07      |      3.537220e-07      |
| 0.44112 |      3.534305e-07      |      3.534306e-07      |
| 0.44299 |      3.531388e-07      |      3.531389e-07      |
| 0.44486 |      3.528467e-07      |      3.528468e-07      |
| 0.44673 |      3.525543e-07      |      3.525544e-07      |
| 0.44860 |      3.522616e-07      |      3.522617e-07      |
| 0.45047 |      3.519685e-07      |      3.519686e-07      |
| 0.45234 |      3.516751e-07      |      3.516753e-07      |
| 0.45421 |      3.513815e-07      |      3.513816e-07      |
| 0.45607 |      3.510876e-07      |      3.510877e-07      |
| 0.45794 |      3.507935e-07      |      3.507936e-07      |
| 0.45981 |      3.504991e-07      |      3.504992e-07      |
| 0.46168 |      3.502045e-07      |      3.502046e-07      |
| 0.46355 |      3.499097e-07      |      3.499099e-07      |
| 0.46542 |      3.496148e-07      |      3.496149e-07      |
| 0.46729 |      3.493197e-07      |      3.493198e-07      |
| 0.46916 |      3.490244e-07      |      3.490245e-07      |
| 0.47103 |      3.487290e-07      |      3.487292e-07      |
| 0.47290 |      3.484335e-07      |      3.484337e-07      |
| 0.47477 |      3.481379e-07      |      3.481381e-07      |
| 0.47664 |      3.478423e-07      |      3.478424e-07      |
| 0.47850 |      3.475466e-07      |      3.475467e-07      |
| 0.48037 |      3.472508e-07      |      3.472510e-07      |
| 0.48224 |      3.469551e-07      |      3.469552e-07      |
| 0.48411 |      3.466593e-07      |      3.466594e-07      |
| 0.48598 |      3.463635e-07      |      3.463637e-07      |
| 0.48785 |      3.460678e-07      |      3.460680e-07      |
| 0.48972 |      3.457721e-07      |      3.457723e-07      |
| 0.49159 |      3.454765e-07      |      3.454767e-07      |
| 0.49346 |      3.451810e-07      |      3.451812e-07      |
| 0.49533 |      3.448856e-07      |      3.448858e-07      |
| 0.49720 |      3.445903e-07      |      3.445905e-07      |
| 0.49907 |      3.442952e-07      |      3.442954e-07      |
| 0.50093 |      3.440002e-07      |      3.440004e-07      |
| 0.50280 |      3.437054e-07      |      3.437056e-07      |
| 0.50467 |      3.434108e-07      |      3.434110e-07      |
| 0.50654 |      3.431164e-07      |      3.431166e-07      |
| 0.50841 |      3.428223e-07      |      3.428225e-07      |
| 0.51028 |      3.425284e-07      |      3.425286e-07      |
| 0.51215 |      3.422348e-07      |      3.422350e-07      |
| 0.51402 |      3.419415e-07      |      3.419416e-07      |
| 0.51589 |      3.416485e-07      |      3.416486e-07      |
| 0.51776 |      3.413558e-07      |      3.413560e-07      |
| 0.51963 |      3.410634e-07      |      3.410636e-07      |
| 0.52150 |      3.407715e-07      |      3.407716e-07      |
| 0.52336 |      3.404799e-07      |      3.404801e-07      |
| 0.52523 |      3.401887e-07      |      3.401889e-07      |
| 0.52710 |      3.398979e-07      |      3.398981e-07      |
| 0.52897 |      3.396076e-07      |      3.396078e-07      |
| 0.53084 |      3.393178e-07      |      3.393180e-07      |
| 0.53271 |      3.390284e-07      |      3.390286e-07      |
| 0.53458 |      3.387395e-07      |      3.387397e-07      |
| 0.53645 |      3.384512e-07      |      3.384514e-07      |
| 0.53832 |      3.381633e-07      |      3.381635e-07      |
| 0.54019 |      3.378761e-07      |      3.378763e-07      |
| 0.54206 |      3.375894e-07      |      3.375896e-07      |
| 0.54393 |      3.373033e-07      |      3.373035e-07      |
| 0.54579 |      3.370178e-07      |      3.370180e-07      |
| 0.54766 |      3.367329e-07      |      3.367331e-07      |
| 0.54953 |      3.364487e-07      |      3.364489e-07      |
| 0.55140 |      3.361651e-07      |      3.361653e-07      |
| 0.55327 |      3.358823e-07      |      3.358825e-07      |
| 0.55514 |      3.356001e-07      |      3.356003e-07      |
| 0.55701 |      3.353186e-07      |      3.353189e-07      |
| 0.55888 |      3.350379e-07      |      3.350382e-07      |
| 0.56075 |      3.347580e-07      |      3.347582e-07      |
| 0.56262 |      3.344788e-07      |      3.344790e-07      |
| 0.56449 |      3.342004e-07      |      3.342007e-07      |
| 0.56636 |      3.339229e-07      |      3.339231e-07      |
| 0.56822 |      3.336461e-07      |      3.336464e-07      |
| 0.57009 |      3.333703e-07      |      3.333705e-07      |
| 0.57196 |      3.330952e-07      |      3.330955e-07      |
| 0.57383 |      3.328211e-07      |      3.328213e-07      |
| 0.57570 |      3.325479e-07      |      3.325481e-07      |
| 0.57757 |      3.322755e-07      |      3.322758e-07      |
| 0.57944 |      3.320042e-07      |      3.320044e-07      |
| 0.58131 |      3.317337e-07      |      3.317340e-07      |
| 0.58318 |      3.314643e-07      |      3.314645e-07      |
| 0.58505 |      3.311958e-07      |      3.311961e-07      |
| 0.58692 |      3.309283e-07      |      3.309286e-07      |
| 0.58879 |      3.306619e-07      |      3.306621e-07      |
| 0.59065 |      3.303965e-07      |      3.303967e-07      |
| 0.59252 |      3.301321e-07      |      3.301324e-07      |
| 0.59439 |      3.298688e-07      |      3.298691e-07      |
| 0.59626 |      3.296067e-07      |      3.296069e-07      |
| 0.59813 |      3.293456e-07      |      3.293458e-07      |
| 0.60000 |      3.290856e-07      |      3.290858e-07      |
| 0.60187 |      3.288268e-07      |      3.288270e-07      |
| 0.60374 |      3.285691e-07      |      3.285693e-07      |
| 0.60561 |      3.283125e-07      |      3.283128e-07      |
| 0.60748 |      3.280572e-07      |      3.280575e-07      |
| 0.60935 |      3.278031e-07      |      3.278033e-07      |
| 0.61121 |      3.275501e-07      |      3.275504e-07      |
| 0.61308 |      3.272984e-07      |      3.272987e-07      |
| 0.61495 |      3.270480e-07      |      3.270482e-07      |
| 0.61682 |      3.267988e-07      |      3.267990e-07      |
| 0.61869 |      3.265508e-07      |      3.265511e-07      |
| 0.62056 |      3.263042e-07      |      3.263045e-07      |
| 0.62243 |      3.260588e-07      |      3.260591e-07      |
| 0.62430 |      3.258148e-07      |      3.258151e-07      |
| 0.62617 |      3.255721e-07      |      3.255724e-07      |
| 0.62804 |      3.253307e-07      |      3.253310e-07      |
| 0.62991 |      3.250907e-07      |      3.250910e-07      |
| 0.63178 |      3.248520e-07      |      3.248523e-07      |
| 0.63364 |      3.246147e-07      |      3.246150e-07      |
| 0.63551 |      3.243789e-07      |      3.243791e-07      |
| 0.63738 |      3.241444e-07      |      3.241447e-07      |
| 0.63925 |      3.239113e-07      |      3.239116e-07      |
| 0.64112 |      3.236797e-07      |      3.236799e-07      |
| 0.64299 |      3.234495e-07      |      3.234497e-07      |
| 0.64486 |      3.232207e-07      |      3.232210e-07      |
| 0.64673 |      3.229934e-07      |      3.229937e-07      |
| 0.64860 |      3.227676e-07      |      3.227679e-07      |
| 0.65047 |      3.225432e-07      |      3.225435e-07      |
| 0.65234 |      3.223204e-07      |      3.223207e-07      |
| 0.65421 |      3.220991e-07      |      3.220994e-07      |
| 0.65607 |      3.218792e-07      |      3.218795e-07      |
| 0.65794 |      3.216609e-07      |      3.216612e-07      |
| 0.65981 |      3.214442e-07      |      3.214445e-07      |
| 0.66168 |      3.212289e-07      |      3.212292e-07      |
| 0.66355 |      3.210152e-07      |      3.210155e-07      |
| 0.66542 |      3.208031e-07      |      3.208034e-07      |
| 0.66729 |      3.205926e-07      |      3.205929e-07      |
| 0.66916 |      3.203836e-07      |      3.203839e-07      |
| 0.67103 |      3.201762e-07      |      3.201765e-07      |
| 0.67290 |      3.199704e-07      |      3.199707e-07      |
| 0.67477 |      3.197662e-07      |      3.197665e-07      |
| 0.67664 |      3.195636e-07      |      3.195639e-07      |
| 0.67850 |      3.193627e-07      |      3.193630e-07      |
| 0.68037 |      3.191633e-07      |      3.191636e-07      |
| 0.68224 |      3.189656e-07      |      3.189659e-07      |
| 0.68411 |      3.187695e-07      |      3.187698e-07      |
| 0.68598 |      3.185750e-07      |      3.185753e-07      |
| 0.68785 |      3.183822e-07      |      3.183825e-07      |
| 0.68972 |      3.181910e-07      |      3.181913e-07      |
| 0.69159 |      3.180015e-07      |      3.180018e-07      |
| 0.69346 |      3.178137e-07      |      3.178140e-07      |
| 0.69533 |      3.176275e-07      |      3.176278e-07      |
| 0.69720 |      3.174430e-07      |      3.174433e-07      |
| 0.69907 |      3.172601e-07      |      3.172604e-07      |
| 0.70093 |      3.170790e-07      |      3.170793e-07      |
| 0.70280 |      3.168995e-07      |      3.168998e-07      |
| 0.70467 |      3.167217e-07      |      3.167220e-07      |
| 0.70654 |      3.165455e-07      |      3.165459e-07      |
| 0.70841 |      3.163711e-07      |      3.163714e-07      |
| 0.71028 |      3.161984e-07      |      3.161987e-07      |
| 0.71215 |      3.160273e-07      |      3.160276e-07      |
| 0.71402 |      3.158580e-07      |      3.158583e-07      |
| 0.71589 |      3.156903e-07      |      3.156906e-07      |
| 0.71776 |      3.155243e-07      |      3.155246e-07      |
| 0.71963 |      3.153601e-07      |      3.153604e-07      |
| 0.72150 |      3.151975e-07      |      3.151978e-07      |
| 0.72336 |      3.150366e-07      |      3.150369e-07      |
| 0.72523 |      3.148774e-07      |      3.148778e-07      |
| 0.72710 |      3.147200e-07      |      3.147203e-07      |
| 0.72897 |      3.145642e-07      |      3.145645e-07      |
| 0.73084 |      3.144101e-07      |      3.144104e-07      |
| 0.73271 |      3.142577e-07      |      3.142580e-07      |
| 0.73458 |      3.141070e-07      |      3.141074e-07      |
| 0.73645 |      3.139580e-07      |      3.139584e-07      |
| 0.73832 |      3.138107e-07      |      3.138111e-07      |
| 0.74019 |      3.136651e-07      |      3.136654e-07      |
| 0.74206 |      3.135212e-07      |      3.135215e-07      |
| 0.74393 |      3.133790e-07      |      3.133793e-07      |
| 0.74579 |      3.132384e-07      |      3.132387e-07      |
| 0.74766 |      3.130996e-07      |      3.130999e-07      |
| 0.74953 |      3.129624e-07      |      3.129627e-07      |
| 0.75140 |      3.128268e-07      |      3.128271e-07      |
| 0.75327 |      3.126930e-07      |      3.126933e-07      |
| 0.75514 |      3.125608e-07      |      3.125611e-07      |
| 0.75701 |      3.124303e-07      |      3.124306e-07      |
| 0.75888 |      3.123014e-07      |      3.123017e-07      |
| 0.76075 |      3.121742e-07      |      3.121745e-07      |
| 0.76262 |      3.120486e-07      |      3.120489e-07      |
| 0.76449 |      3.119247e-07      |      3.119250e-07      |
| 0.76636 |      3.118024e-07      |      3.118027e-07      |
| 0.76822 |      3.116818e-07      |      3.116821e-07      |
| 0.77009 |      3.115627e-07      |      3.115631e-07      |
| 0.77196 |      3.114453e-07      |      3.114457e-07      |
| 0.77383 |      3.113296e-07      |      3.113299e-07      |
| 0.77570 |      3.112154e-07      |      3.112157e-07      |
| 0.77757 |      3.111028e-07      |      3.111031e-07      |
| 0.77944 |      3.109918e-07      |      3.109921e-07      |
| 0.78131 |      3.108824e-07      |      3.108827e-07      |
| 0.78318 |      3.107746e-07      |      3.107749e-07      |
| 0.78505 |      3.106683e-07      |      3.106687e-07      |
| 0.78692 |      3.105637e-07      |      3.105640e-07      |
| 0.78879 |      3.104606e-07      |      3.104609e-07      |
| 0.79065 |      3.103590e-07      |      3.103593e-07      |
| 0.79252 |      3.102590e-07      |      3.102593e-07      |
| 0.79439 |      3.101605e-07      |      3.101608e-07      |
| 0.79626 |      3.100635e-07      |      3.100638e-07      |
| 0.79813 |      3.099680e-07      |      3.099683e-07      |
| 0.80000 |      3.098741e-07      |      3.098744e-07      |
| 0.80187 |      3.097817e-07      |      3.097820e-07      |
| 0.80374 |      3.096907e-07      |      3.096910e-07      |
| 0.80561 |      3.096012e-07      |      3.096015e-07      |
| 0.80748 |      3.095132e-07      |      3.095135e-07      |
| 0.80935 |      3.094267e-07      |      3.094270e-07      |
| 0.81121 |      3.093416e-07      |      3.093419e-07      |
| 0.81308 |      3.092580e-07      |      3.092583e-07      |
| 0.81495 |      3.091758e-07      |      3.091761e-07      |
| 0.81682 |      3.090950e-07      |      3.090953e-07      |
| 0.81869 |      3.090156e-07      |      3.090159e-07      |
| 0.82056 |      3.089376e-07      |      3.089379e-07      |
| 0.82243 |      3.088610e-07      |      3.088613e-07      |
| 0.82430 |      3.087858e-07      |      3.087861e-07      |
| 0.82617 |      3.087120e-07      |      3.087123e-07      |
| 0.82804 |      3.086395e-07      |      3.086398e-07      |
| 0.82991 |      3.085684e-07      |      3.085687e-07      |
| 0.83178 |      3.084986e-07      |      3.084989e-07      |
| 0.83364 |      3.084301e-07      |      3.084304e-07      |
| 0.83551 |      3.083630e-07      |      3.083633e-07      |
| 0.83738 |      3.082971e-07      |      3.082974e-07      |
| 0.83925 |      3.082326e-07      |      3.082329e-07      |
| 0.84112 |      3.081693e-07      |      3.081696e-07      |
| 0.84299 |      3.081073e-07      |      3.081076e-07      |
| 0.84486 |      3.080465e-07      |      3.080468e-07      |
| 0.84673 |      3.079870e-07      |      3.079873e-07      |
| 0.84860 |      3.079287e-07      |      3.079290e-07      |
| 0.85047 |      3.078717e-07      |      3.078720e-07      |
| 0.85234 |      3.078158e-07      |      3.078161e-07      |
| 0.85421 |      3.077612e-07      |      3.077615e-07      |
| 0.85607 |      3.077077e-07      |      3.077080e-07      |
| 0.85794 |      3.076554e-07      |      3.076557e-07      |
| 0.85981 |      3.076043e-07      |      3.076045e-07      |
| 0.86168 |      3.075543e-07      |      3.075545e-07      |
| 0.86355 |      3.075054e-07      |      3.075057e-07      |
| 0.86542 |      3.074576e-07      |      3.074579e-07      |
| 0.86729 |      3.074110e-07      |      3.074113e-07      |
| 0.86916 |      3.073655e-07      |      3.073657e-07      |
| 0.87103 |      3.073210e-07      |      3.073213e-07      |
| 0.87290 |      3.072776e-07      |      3.072779e-07      |
| 0.87477 |      3.072353e-07      |      3.072355e-07      |
| 0.87664 |      3.071940e-07      |      3.071942e-07      |
| 0.87850 |      3.071537e-07      |      3.071540e-07      |
| 0.88037 |      3.071144e-07      |      3.071147e-07      |
| 0.88224 |      3.070762e-07      |      3.070765e-07      |
| 0.88411 |      3.070389e-07      |      3.070392e-07      |
| 0.88598 |      3.070027e-07      |      3.070029e-07      |
| 0.88785 |      3.069673e-07      |      3.069676e-07      |
| 0.88972 |      3.069330e-07      |      3.069332e-07      |
| 0.89159 |      3.068995e-07      |      3.068998e-07      |
| 0.89346 |      3.068670e-07      |      3.068673e-07      |
| 0.89533 |      3.068354e-07      |      3.068357e-07      |
| 0.89720 |      3.068047e-07      |      3.068050e-07      |
| 0.89907 |      3.067749e-07      |      3.067752e-07      |
| 0.90093 |      3.067459e-07      |      3.067462e-07      |
| 0.90280 |      3.067178e-07      |      3.067181e-07      |
| 0.90467 |      3.066906e-07      |      3.066908e-07      |
| 0.90654 |      3.066642e-07      |      3.066644e-07      |
| 0.90841 |      3.066385e-07      |      3.066388e-07      |
| 0.91028 |      3.066137e-07      |      3.066140e-07      |
| 0.91215 |      3.065897e-07      |      3.065900e-07      |
| 0.91402 |      3.065664e-07      |      3.065667e-07      |
| 0.91589 |      3.065439e-07      |      3.065442e-07      |
| 0.91776 |      3.065222e-07      |      3.065224e-07      |
| 0.91963 |      3.065012e-07      |      3.065014e-07      |
| 0.92150 |      3.064809e-07      |      3.064811e-07      |
| 0.92336 |      3.064613e-07      |      3.064615e-07      |
| 0.92523 |      3.064424e-07      |      3.064426e-07      |
| 0.92710 |      3.064241e-07      |      3.064244e-07      |
| 0.92897 |      3.064066e-07      |      3.064068e-07      |
| 0.93084 |      3.063897e-07      |      3.063899e-07      |
| 0.93271 |      3.063734e-07      |      3.063736e-07      |
| 0.93458 |      3.063577e-07      |      3.063580e-07      |
| 0.93645 |      3.063427e-07      |      3.063429e-07      |
| 0.93832 |      3.063282e-07      |      3.063285e-07      |
| 0.94019 |      3.063144e-07      |      3.063146e-07      |
| 0.94206 |      3.063011e-07      |      3.063013e-07      |
| 0.94393 |      3.062883e-07      |      3.062886e-07      |
| 0.94579 |      3.062761e-07      |      3.062764e-07      |
| 0.94766 |      3.062645e-07      |      3.062647e-07      |
| 0.94953 |      3.062533e-07      |      3.062535e-07      |
| 0.95140 |      3.062426e-07      |      3.062429e-07      |
| 0.95327 |      3.062325e-07      |      3.062327e-07      |
| 0.95514 |      3.062228e-07      |      3.062230e-07      |
| 0.95701 |      3.062135e-07      |      3.062138e-07      |
| 0.95888 |      3.062047e-07      |      3.062050e-07      |
| 0.96075 |      3.061964e-07      |      3.061966e-07      |
| 0.96262 |      3.061885e-07      |      3.061887e-07      |
| 0.96449 |      3.061810e-07      |      3.061812e-07      |
| 0.96636 |      3.061738e-07      |      3.061741e-07      |
| 0.96822 |      3.061671e-07      |      3.061673e-07      |
| 0.97009 |      3.061607e-07      |      3.061610e-07      |
| 0.97196 |      3.061547e-07      |      3.061550e-07      |
| 0.97383 |      3.061491e-07      |      3.061493e-07      |
| 0.97570 |      3.061438e-07      |      3.061440e-07      |
| 0.97757 |      3.061388e-07      |      3.061390e-07      |
| 0.97944 |      3.061341e-07      |      3.061343e-07      |
| 0.98131 |      3.061297e-07      |      3.061299e-07      |
| 0.98318 |      3.061256e-07      |      3.061258e-07      |
| 0.98505 |      3.061218e-07      |      3.061220e-07      |
| 0.98692 |      3.061182e-07      |      3.061184e-07      |
| 0.98879 |      3.061149e-07      |      3.061151e-07      |
| 0.99065 |      3.061118e-07      |      3.061120e-07      |
| 0.99252 |      3.061090e-07      |      3.061092e-07      |
| 0.99439 |      3.061064e-07      |      3.061066e-07      |
| 0.99626 |      3.061039e-07      |      3.061042e-07      |
| 0.99813 |      3.061017e-07      |      3.061020e-07      |
| 1.00000 |      3.060997e-07      |      3.060999e-07      |
-------------------------------------------------------------