-------------------------------------------------------------------------------------
    n    |          u(0)          |          u(1)          |          f(1)          |
-------------------------------------------------------------------------------------
     100 |      3.920436e-07      |      3.060901e-07      |      3.608948e+03      |
      70 |      3.920436e-07      |      3.060901e-07      |      3.608948e+03      |
      50 |      3.920436e-07      |      3.060901e-07      |      3.608948e+03      |
      30 |      3.842848e-07      |      2.979658e-07      |      3.513298e+03      |
      20 |      3.920436e-07      |      3.060900e-07      |      3.608949e+03      |
      10 |      3.920436e-07      |      3.060882e-07      |      3.608944e+03      |
       5 |      3.921984e-07      |      3.062392e-07      |      3.610362e+03      |
       2 |      3.766227e-07      |      2.901902e-07      |      3.421601e+03      |
-------------------------------------------------------------------------------------