ksi принадлежит интервалу (0.152451  ,   0.152467)
-------------------------------------------------------------
|    x    |          u(z)          |          F(z)          |
-------------------------------------------------------------
| 0.00000 |      3.905731e-07      |      0.000000e+00      |
| 0.10000 |      3.884775e-07      |      1.168209e+03      |
| 0.20000 |      3.821974e-07      |      2.332617e+03      |
| 0.30000 |      3.718581e-07      |      3.455943e+03      |
| 0.40000 |      3.580412e-07      |      4.442340e+03      |
| 0.50000 |      3.422117e-07      |      5.134342e+03      |
| 0.60000 |      3.268490e-07      |      5.368228e+03      |
| 0.70000 |      3.147332e-07      |      5.103545e+03      |
| 0.80000 |      3.074385e-07      |      4.538188e+03      |
| 0.90000 |      3.044306e-07      |      3.991320e+03      |
| 1.00000 |      3.038613e-07      |      3.582488e+03      |
-------------------------------------------------------------