-----------------------------------------------------------------------------------------------------
|         F_max          |         t_max          |       optimal h        |      optimal tau       |
-----------------------------------------------------------------------------------------------------
|           40           |           50           |         0.025          |          1.25          |
|           40           |           60           |         0.025          |          1.25          |
|           40           |           70           |         0.025          |          1.25          |
|           50           |           50           |         0.025          |          1.25          |
|           50           |           60           |         0.025          |          1.25          |
|           50           |           70           |         0.025          |          1.25          |
|           60           |           50           |         0.025          |          1.25          |
|           60           |           60           |         0.025          |          1.25          |
|           60           |           70           |         0.025          |          1.25          |
-----------------------------------------------------------------------------------------------------