Число узлов n = 201
--------------------------------------------------------------------------------------
|    x    |          u(z)          |          f(z)          |     f(z) integral      |
--------------------------------------------------------------------------------------
| 0.00000 |      3.928227e-07      |      0.000000e+00      |      0.000000e+00      |
| 0.00500 |      3.928174e-07      |      5.835511e+01      |      0.000000e+00      |
| 0.01000 |      3.928017e-07      |      1.167106e+02      |      1.167105e+02      |
| 0.01500 |      3.927756e-07      |      1.750669e+02      |      7.780703e+01      |
| 0.02000 |      3.927389e-07      |      2.334244e+02      |      2.334244e+02      |
| 0.02500 |      3.926918e-07      |      2.917835e+02      |      1.867395e+02      |
| 0.03000 |      3.926343e-07      |      3.501445e+02      |      3.501445e+02      |
| 0.03500 |      3.925662e-07      |      4.085076e+02      |      3.001239e+02      |
| 0.04000 |      3.924877e-07      |      4.668731e+02      |      4.668732e+02      |
| 0.04500 |      3.923987e-07      |      5.252411e+02      |      4.149984e+02      |
| 0.05000 |      3.922993e-07      |      5.836116e+02      |      5.836119e+02      |
| 0.05500 |      3.921894e-07      |      6.419846e+02      |      5.305562e+02      |
| 0.06000 |      3.920690e-07      |      7.003599e+02      |      7.003605e+02      |
| 0.06500 |      3.919381e-07      |      7.587374e+02      |      6.464866e+02      |
| 0.07000 |      3.917968e-07      |      8.171165e+02      |      8.171175e+02      |
| 0.07500 |      3.916450e-07      |      8.754969e+02      |      7.626430e+02      |
| 0.08000 |      3.914828e-07      |      9.338778e+02      |      9.338794e+02      |
| 0.08500 |      3.913100e-07      |      9.922585e+02      |      8.789453e+02      |
| 0.09000 |      3.911268e-07      |      1.050638e+03      |      1.050640e+03      |
| 0.09500 |      3.909332e-07      |      1.109015e+03      |      9.953435e+02      |
| 0.10000 |      3.907291e-07      |      1.167389e+03      |      1.167392e+03      |
| 0.10500 |      3.905145e-07      |      1.225757e+03      |      1.111802e+03      |
| 0.11000 |      3.902895e-07      |      1.284118e+03      |      1.284123e+03      |
| 0.11500 |      3.900540e-07      |      1.342471e+03      |      1.228291e+03      |
| 0.12000 |      3.898081e-07      |      1.400812e+03      |      1.400818e+03      |
| 0.12500 |      3.895517e-07      |      1.459141e+03      |      1.344786e+03      |
| 0.13000 |      3.892849e-07      |      1.517453e+03      |      1.517460e+03      |
| 0.13500 |      3.890077e-07      |      1.575746e+03      |      1.461258e+03      |
| 0.14000 |      3.887201e-07      |      1.634017e+03      |      1.634027e+03      |
| 0.14500 |      3.884221e-07      |      1.692263e+03      |      1.577681e+03      |
| 0.15000 |      3.881136e-07      |      1.750480e+03      |      1.750491e+03      |
| 0.15500 |      3.877948e-07      |      1.808663e+03      |      1.694024e+03      |
| 0.16000 |      3.874657e-07      |      1.866809e+03      |      1.866824e+03      |
| 0.16500 |      3.871262e-07      |      1.924913e+03      |      1.810253e+03      |
| 0.17000 |      3.867764e-07      |      1.982970e+03      |      1.982988e+03      |
| 0.17500 |      3.864162e-07      |      2.040975e+03      |      1.926331e+03      |
| 0.18000 |      3.860458e-07      |      2.098922e+03      |      2.098943e+03      |
| 0.18500 |      3.856652e-07      |      2.156805e+03      |      2.042214e+03      |
| 0.19000 |      3.852743e-07      |      2.214618e+03      |      2.214643e+03      |
| 0.19500 |      3.848732e-07      |      2.272355e+03      |      2.157857e+03      |
| 0.20000 |      3.844619e-07      |      2.330008e+03      |      2.330036e+03      |
| 0.20500 |      3.840405e-07      |      2.387570e+03      |      2.273206e+03      |
| 0.21000 |      3.836090e-07      |      2.445033e+03      |      2.445065e+03      |
| 0.21500 |      3.831675e-07      |      2.502388e+03      |      2.388203e+03      |
| 0.22000 |      3.827159e-07      |      2.559628e+03      |      2.559666e+03      |
| 0.22500 |      3.822544e-07      |      2.616744e+03      |      2.502785e+03      |
| 0.23000 |      3.817829e-07      |      2.673725e+03      |      2.673769e+03      |
| 0.23500 |      3.813016e-07      |      2.730563e+03      |      2.616880e+03      |
| 0.24000 |      3.808105e-07      |      2.787247e+03      |      2.787296e+03      |
| 0.24500 |      3.803097e-07      |      2.843765e+03      |      2.730412e+03      |
| 0.25000 |      3.797991e-07      |      2.900108e+03      |      2.900164e+03      |
| 0.25500 |      3.792790e-07      |      2.956264e+03      |      2.843298e+03      |
| 0.26000 |      3.787493e-07      |      3.012220e+03      |      3.012283e+03      |
| 0.26500 |      3.782102e-07      |      3.067965e+03      |      2.955447e+03      |
| 0.27000 |      3.776617e-07      |      3.123484e+03      |      3.123554e+03      |
| 0.27500 |      3.771039e-07      |      3.178766e+03      |      3.066762e+03      |
| 0.28000 |      3.765369e-07      |      3.233796e+03      |      3.233874e+03      |
| 0.28500 |      3.759608e-07      |      3.288560e+03      |      3.177139e+03      |
| 0.29000 |      3.753757e-07      |      3.343044e+03      |      3.343130e+03      |
| 0.29500 |      3.747818e-07      |      3.397232e+03      |      3.286467e+03      |
| 0.30000 |      3.741790e-07      |      3.451108e+03      |      3.451204e+03      |
| 0.30500 |      3.735676e-07      |      3.504658e+03      |      3.394626e+03      |
| 0.31000 |      3.729477e-07      |      3.557863e+03      |      3.557968e+03      |
| 0.31500 |      3.723193e-07      |      3.610709e+03      |      3.501492e+03      |
| 0.32000 |      3.716827e-07      |      3.663176e+03      |      3.663291e+03      |
| 0.32500 |      3.710380e-07      |      3.715248e+03      |      3.606932e+03      |
| 0.33000 |      3.703853e-07      |      3.766906e+03      |      3.767031e+03      |
| 0.33500 |      3.697248e-07      |      3.818132e+03      |      3.710807e+03      |
| 0.34000 |      3.690566e-07      |      3.868907e+03      |      3.869044e+03      |
| 0.34500 |      3.683809e-07      |      3.919212e+03      |      3.812970e+03      |
| 0.35000 |      3.676978e-07      |      3.969027e+03      |      3.969174e+03      |
| 0.35500 |      3.670077e-07      |      4.018331e+03      |      3.913271e+03      |
| 0.36000 |      3.663105e-07      |      4.067105e+03      |      4.067265e+03      |
| 0.36500 |      3.656067e-07      |      4.115328e+03      |      4.011549e+03      |
| 0.37000 |      3.648962e-07      |      4.162979e+03      |      4.163152e+03      |
| 0.37500 |      3.641794e-07      |      4.210037e+03      |      4.107643e+03      |
| 0.38000 |      3.634564e-07      |      4.256479e+03      |      4.256665e+03      |
| 0.38500 |      3.627276e-07      |      4.302285e+03      |      4.201384e+03      |
| 0.39000 |      3.619930e-07      |      4.347432e+03      |      4.347631e+03      |
| 0.39500 |      3.612529e-07      |      4.391898e+03      |      4.292598e+03      |
| 0.40000 |      3.605077e-07      |      4.435660e+03      |      4.435873e+03      |
| 0.40500 |      3.597575e-07      |      4.478697e+03      |      4.381109e+03      |
| 0.41000 |      3.590025e-07      |      4.520984e+03      |      4.521211e+03      |
| 0.41500 |      3.582431e-07      |      4.562500e+03      |      4.466739e+03      |
| 0.42000 |      3.574795e-07      |      4.603222e+03      |      4.603464e+03      |
| 0.42500 |      3.567120e-07      |      4.643126e+03      |      4.549305e+03      |
| 0.43000 |      3.559409e-07      |      4.682190e+03      |      4.682447e+03      |
| 0.43500 |      3.551664e-07      |      4.720392e+03      |      4.628626e+03      |
| 0.44000 |      3.543889e-07      |      4.757707e+03      |      4.757979e+03      |
| 0.44500 |      3.536086e-07      |      4.794115e+03      |      4.704519e+03      |
| 0.45000 |      3.528259e-07      |      4.829591e+03      |      4.829879e+03      |
| 0.45500 |      3.520410e-07      |      4.864115e+03      |      4.776803e+03      |
| 0.46000 |      3.512543e-07      |      4.897664e+03      |      4.897967e+03      |
| 0.46500 |      3.504661e-07      |      4.930216e+03      |      4.845301e+03      |
| 0.47000 |      3.496768e-07      |      4.961750e+03      |      4.962069e+03      |
| 0.47500 |      3.488866e-07      |      4.992245e+03      |      4.909837e+03      |
| 0.48000 |      3.480958e-07      |      5.021681e+03      |      5.022015e+03      |
| 0.48500 |      3.473050e-07      |      5.050036e+03      |      4.970242e+03      |
| 0.49000 |      3.465143e-07      |      5.077293e+03      |      5.077644e+03      |
| 0.49500 |      3.457241e-07      |      5.103432e+03      |      5.026354e+03      |
| 0.50000 |      3.449348e-07      |      5.133412e+03      |      5.128800e+03      |
| 0.50500 |      3.441452e-07      |      5.163465e+03      |      5.078020e+03      |
| 0.51000 |      3.433568e-07      |      5.188562e+03      |      5.175341e+03      |
| 0.51500 |      3.425700e-07      |      5.212516e+03      |      5.125095e+03      |
| 0.52000 |      3.417851e-07      |      5.235313e+03      |      5.217134e+03      |
| 0.52500 |      3.410025e-07      |      5.256937e+03      |      5.167447e+03      |
| 0.53000 |      3.402226e-07      |      5.277375e+03      |      5.254063e+03      |
| 0.53500 |      3.394456e-07      |      5.296612e+03      |      5.204959e+03      |
| 0.54000 |      3.386721e-07      |      5.314636e+03      |      5.286023e+03      |
| 0.54500 |      3.379023e-07      |      5.331437e+03      |      5.237527e+03      |
| 0.55000 |      3.371365e-07      |      5.347004e+03      |      5.312929e+03      |
| 0.55500 |      3.363753e-07      |      5.361329e+03      |      5.265065e+03      |
| 0.56000 |      3.356188e-07      |      5.374403e+03      |      5.334715e+03      |
| 0.56500 |      3.348674e-07      |      5.386221e+03      |      5.287505e+03      |
| 0.57000 |      3.341216e-07      |      5.396776e+03      |      5.351333e+03      |
| 0.57500 |      3.333816e-07      |      5.406067e+03      |      5.304800e+03      |
| 0.58000 |      3.326478e-07      |      5.414090e+03      |      5.362760e+03      |
| 0.58500 |      3.319205e-07      |      5.420844e+03      |      5.316925e+03      |
| 0.59000 |      3.312001e-07      |      5.426331e+03      |      5.368995e+03      |
| 0.59500 |      3.304869e-07      |      5.430553e+03      |      5.323877e+03      |
| 0.60000 |      3.297812e-07      |      5.433513e+03      |      5.370061e+03      |
| 0.60500 |      3.290832e-07      |      5.435217e+03      |      5.325680e+03      |
| 0.61000 |      3.283935e-07      |      5.435673e+03      |      5.366008e+03      |
| 0.61500 |      3.277121e-07      |      5.434888e+03      |      5.322382e+03      |
| 0.62000 |      3.270394e-07      |      5.432875e+03      |      5.356913e+03      |
| 0.62500 |      3.263758e-07      |      5.429646e+03      |      5.314058e+03      |
| 0.63000 |      3.257214e-07      |      5.425214e+03      |      5.342881e+03      |
| 0.63500 |      3.250765e-07      |      5.419596e+03      |      5.300811e+03      |
| 0.64000 |      3.244414e-07      |      5.412809e+03      |      5.324043e+03      |
| 0.64500 |      3.238163e-07      |      5.404873e+03      |      5.282771e+03      |
| 0.65000 |      3.232015e-07      |      5.395811e+03      |      5.300559e+03      |
| 0.65500 |      3.225971e-07      |      5.385643e+03      |      5.260097e+03      |
| 0.66000 |      3.220034e-07      |      5.374397e+03      |      5.272618e+03      |
| 0.66500 |      3.214206e-07      |      5.362099e+03      |      5.232974e+03      |
| 0.67000 |      3.208487e-07      |      5.348777e+03      |      5.240434e+03      |
| 0.67500 |      3.202882e-07      |      5.334461e+03      |      5.201616e+03      |
| 0.68000 |      3.197389e-07      |      5.319184e+03      |      5.204250e+03      |
| 0.68500 |      3.192012e-07      |      5.302979e+03      |      5.166262e+03      |
| 0.69000 |      3.186751e-07      |      5.285882e+03      |      5.164329e+03      |
| 0.69500 |      3.181607e-07      |      5.267929e+03      |      5.127175e+03      |
| 0.70000 |      3.176582e-07      |      5.249158e+03      |      5.120960e+03      |
| 0.70500 |      3.171677e-07      |      5.229610e+03      |      5.084641e+03      |
| 0.71000 |      3.166891e-07      |      5.209325e+03      |      5.074451e+03      |
| 0.71500 |      3.162226e-07      |      5.188345e+03      |      5.038966e+03      |
| 0.72000 |      3.157682e-07      |      5.166715e+03      |      5.025128e+03      |
| 0.72500 |      3.153260e-07      |      5.144478e+03      |      4.990472e+03      |
| 0.73000 |      3.148958e-07      |      5.121680e+03      |      4.973330e+03      |
| 0.73500 |      3.144779e-07      |      5.098368e+03      |      4.939498e+03      |
| 0.74000 |      3.140721e-07      |      5.074589e+03      |      4.919405e+03      |
| 0.74500 |      3.136784e-07      |      5.050390e+03      |      4.886389e+03      |
| 0.75000 |      3.132968e-07      |      5.025821e+03      |      4.863710e+03      |
| 0.75500 |      3.129272e-07      |      5.000929e+03      |      4.831500e+03      |
| 0.76000 |      3.125696e-07      |      4.975764e+03      |      4.806601e+03      |
| 0.76500 |      3.122239e-07      |      4.950376e+03      |      4.775185e+03      |
| 0.77000 |      3.118900e-07      |      4.924813e+03      |      4.748432e+03      |
| 0.77500 |      3.115679e-07      |      4.899125e+03      |      4.717796e+03      |
| 0.78000 |      3.112573e-07      |      4.873362e+03      |      4.689548e+03      |
| 0.78500 |      3.109582e-07      |      4.847572e+03      |      4.659679e+03      |
| 0.79000 |      3.106704e-07      |      4.821803e+03      |      4.630284e+03      |
| 0.79500 |      3.103938e-07      |      4.796104e+03      |      4.601163e+03      |
| 0.80000 |      3.101283e-07      |      4.770521e+03      |      4.570955e+03      |
| 0.80500 |      3.098738e-07      |      4.745103e+03      |      4.542564e+03      |
| 0.81000 |      3.096299e-07      |      4.719894e+03      |      4.511856e+03      |
| 0.81500 |      3.093966e-07      |      4.694940e+03      |      4.484175e+03      |
| 0.82000 |      3.091736e-07      |      4.670286e+03      |      4.453253e+03      |
| 0.82500 |      3.089608e-07      |      4.645975e+03      |      4.426264e+03      |
| 0.83000 |      3.087580e-07      |      4.622049e+03      |      4.395386e+03      |
| 0.83500 |      3.085650e-07      |      4.598552e+03      |      4.369067e+03      |
| 0.84000 |      3.083815e-07      |      4.575523e+03      |      4.338462e+03      |
| 0.84500 |      3.082074e-07      |      4.553005e+03      |      4.312791e+03      |
| 0.85000 |      3.080424e-07      |      4.531036e+03      |      4.282653e+03      |
| 0.85500 |      3.078863e-07      |      4.509658e+03      |      4.257609e+03      |
| 0.86000 |      3.077389e-07      |      4.488909e+03      |      4.228097e+03      |
| 0.86500 |      3.075999e-07      |      4.468831e+03      |      4.203657e+03      |
| 0.87000 |      3.074690e-07      |      4.449464e+03      |      4.174896e+03      |
| 0.87500 |      3.073462e-07      |      4.430851e+03      |      4.151039e+03      |
| 0.88000 |      3.072310e-07      |      4.413033e+03      |      4.123120e+03      |
| 0.88500 |      3.071232e-07      |      4.396059e+03      |      4.099825e+03      |
| 0.89000 |      3.070227e-07      |      4.379975e+03      |      4.072806e+03      |
| 0.89500 |      3.069291e-07      |      4.364834e+03      |      4.050053e+03      |
| 0.90000 |      3.068422e-07      |      4.350694e+03      |      4.023966e+03      |
| 0.90500 |      3.067617e-07      |      4.337618e+03      |      4.001734e+03      |
| 0.91000 |      3.066874e-07      |      4.325675e+03      |      3.976585e+03      |
| 0.91500 |      3.066190e-07      |      4.314947e+03      |      3.954855e+03      |
| 0.92000 |      3.065562e-07      |      4.305524e+03      |      3.930630e+03      |
| 0.92500 |      3.064988e-07      |      4.297512e+03      |      3.909384e+03      |
| 0.93000 |      3.064465e-07      |      4.291031e+03      |      3.886053e+03      |
| 0.93500 |      3.063991e-07      |      4.286225e+03      |      3.865272e+03      |
| 0.94000 |      3.063563e-07      |      4.283262e+03      |      3.842795e+03      |
| 0.94500 |      3.063178e-07      |      4.282343e+03      |      3.822463e+03      |
| 0.95000 |      3.062834e-07      |      4.283706e+03      |      3.800790e+03      |
| 0.95500 |      3.062528e-07      |      4.287643e+03      |      3.780891e+03      |
| 0.96000 |      3.062258e-07      |      4.294505e+03      |      3.759970e+03      |
| 0.96500 |      3.062021e-07      |      4.304727e+03      |      3.740488e+03      |
| 0.97000 |      3.061815e-07      |      4.318848e+03      |      3.720264e+03      |
| 0.97500 |      3.061636e-07      |      4.337546e+03      |      3.701186e+03      |
| 0.98000 |      3.061484e-07      |      4.361684e+03      |      3.681604e+03      |
| 0.98500 |      3.061354e-07      |      4.392377e+03      |      3.662915e+03      |
| 0.99000 |      3.061246e-07      |      4.431091e+03      |      3.643921e+03      |
| 0.99500 |      3.061157e-07      |      4.479789e+03      |      3.625609e+03      |
| 1.00000 |      3.061085e-07      |      4.468943e+03      |      3.607150e+03      |
--------------------------------------------------------------------------------------